1000
309869 402786
-978241 324241
-754561 -169623
-974820 739721
364243 610572
-951201 982230
824615 476756
-19235 38151
-243292 547918
743828 357401
-805006 728696
-209574 934968
295238 -959444
117199 127164
-118481 886059
-566975 -310259
-196150 -858065
-849658 82372
-891510 70204
-322093 -995424
616047 937988
-448219 385605
-949229 -436761
-866962 934709
-645018 -556379
605779 283483
-303531 -823580
574179 581172
-387640 -913210
-970998 -795118
713178 -101985
-141798 478184
177546 359057
178379 682679
326413 898393
-70339 686503
-129990 739252
741354 -742995
176914 404821
884196 -268002
907518 182489
-227819 -562102
-719720 149541
993272 -372571
-432244 -430830
-529988 -978301
41201 -526975
-708602 -281969
79786 73597
-791942 -308287
384859 -549641
-391705 -543411
513959 919275
-586527 -42784
-564934 317174
-595742 207538
-797407 297004
-702636 -469312
-874167 -579697
197903 -971995
365785 -449051
114923 -242757
428380 -92039
-354698 -603015
447854 23322
177218 -896683
196762 192483
347139 457159
-425807 -684408
-76062 -638995
-263932 36055
-807637 250582
-835089 262473
819105 744197
-824340 760709
-407803 -340518
875693 -819947
325927 -166091
335435 851052
28208 -394002
273972 -983513
509361 411744
-860045 -699059
-989224 10110
949864 -159795
956495 810241
496365 -163102
291936 -670271
-641414 864340
-407668 -834094
88855 -98895
-778676 687145
-568876 -482265
-772377 16708
866555 -486771
-878277 -276859
287383 -682061
87032 -280420
526693 -219381
110627 863970
251697 -191005
794332 335455
804214 -218045
163117 38795
-111883 -3803
-524678 471095
258720 -137699
517142 -627133
795162 822216
-19381 622219
-926683 -5933
143554 436634
-281518 233353
-477142 178425
749866 -427645
-196965 577967
-246287 -271639
-85791 -720140
106772 -114131
882930 649168
354618 188828
-871409 -129643
-962094 -349373
464421 -574919
-199203 -285835
-75583 704477
799999 488407
790652 -742370
665441 -642303
-383028 -429140
-740903 984691
288929 -684239
-806838 -102645
-282618 -469642
948092 237282
266094 -90707
939286 331450
-732399 -115511
-134525 -726804
398728 -932146
768932 -902223
-622372 35700
647937 98558
777967 265306
-62292 -343421
-385582 -250926
-731104 312069
390071 369926
899899 812830
-322805 140551
933245 -65938
-523012 563514
448071 -984876
765190 -531452
220805 -93837
392154 392244
-41031 -450883
-198072 -838681
607063 -746772
-332177 94603
119387 452075
592650 291513
-377137 -482981
-359604 -372784
941379 -102326
-15410 52645
596000 -741824
-865391 -165131
620788 -185887
587629 632813
333367 309418
-955500 -968455
264424 222174
790105 719778
-489859 228751
762863 646670
145006 582592
-978837 -518831
341412 185475
-59350 -68949
374728 137974
-472831 -676869
921572 -660491
796244 -299208
-585492 967059
-459470 -207051
-334401 35010
761235 809969
407575 561104
-972912 400689
-273086 -79383
-882925 -287373
134810 337920
907638 -986592
-762987 653439
493457 -564687
873462 -343423
-741916 -804607
-217751 721368
-890028 -75085
425930 89312
305270 -456919
-311780 -30086
-18929 -890005
821356 -788806
73593 780307
158386 539961
-795863 -545890
20898 814541
188321 -416348
-568130 782835
-536221 -238932
-526398 -894783
-80514 -990979
-223075 565842
27719 686207
451132 102173
974759 637601
615347 573993
-975594 -835105
-643152 797643
-807949 -974181
-420155 713149
276926 -666499
-547560 803974
174494 -32293
-466953 526319
-506956 643094
-374467 -455799
-930521 -416997
-949572 -27950
333069 -744486
183474 387386
-670825 -943787
565202 -433464
-161237 446905
790134 23425
-773196 -365773
590784 -562040
-818777 -239548
-171710 -414015
556580 -27049
-608653 -939988
153159 924812
-390872 -668336
12068 71146
504513 441403
-885533 384798
-535427 936536
-157656 192458
383974 220713
-231702 885904
-34789 727589
177573 509621
299515 858817
-947691 -812427
-637022 309027
754713 464443
415469 -639882
864166 123462
-765773 -595638
447085 233537
554468 767616
942391 -651269
-91043 -157994
-830347 654247
595615 -11236
376478 607577
817686 670676
-992261 -336242
-117562 643537
-374704 -249690
-720645 -175506
-291833 -804514
686689 -349976
969328 -895545
-927630 718882
-41769 -20389
773627 534761
-668564 197594
785197 -171159
-399336 -542491
689164 -601939
-408042 374213
932548 -852864
646756 744793
-647622 200408
-758977 -409311
779066 -303226
-45818 -270027
59449 746904
-337959 -741067
-127323 -934803
581877 876733
-969468 -603134
833949 -717075
339240 -189855
-121439 -946403
42873 -832214
61145 881293
-767464 333954
-737062 539553
3267 -775466
752077 -128039
477858 -632458
200545 76853
-419422 601462
-861855 -961708
-833201 -658270
584832 623967
-183816 -284775
343680 535681
-686814 363831
-594447 542232
-678154 -812574
547815 611279
635629 72889
-502564 725494
483966 122488
255665 -351858
-686881 -290085
-601126 662990
196321 -242904
702346 737777
-328001 -159732
886797 -298857
-417046 437178
65108 517311
990273 -272744
226366 639436
818981 -790156
-449885 290432
-180273 589265
441223 507689
104026 -587350
-445674 44311
86065 -63311
310847 -893732
-683650 680690
-660640 556090
661484 -332224
-129767 481578
-699372 -153328
28324 -801550
-992220 -19875
735221 -243290
896121 616229
-170839 -896725
-840200 108441
-156738 607055
315872 -805343
-366249 -740651
-714058 -157514
615078 646265
-873669 -41160
200960 -690418
-612104 670275
977951 151205
339611 68536
-10196 973055
-439059 242772
499908 -876100
-322571 797615
148189 469835
-892473 207571
946468 207909
-162573 -267696
-759782 466827
-965975 -389116
195636 458141
231593 382059
-927881 48940
779164 425638
-631187 -774155
638277 677956
-236336 91264
-881363 -129793
46114 -926901
-305252 -490150
581919 -511674
694296 -854758
538737 -81241
12371 993051
472154 655592
430057 -488877
117179 -271273
872900 531662
-258539 178881
170653 -549032
-655264 251790
428802 -77657
831557 -570429
-556093 -144796
89271 967220
686189 -832881
-227921 524174
28964 -292691
763844 86351
843322 153360
-963432 786112
953484 -286779
-204212 127154
-439224 -965064
218363 -413026
-871254 867233
-97554 -756221
-834886 -669871
59524 -228047
-686316 109165
-525149 -842833
-96221 504934
969402 262937
739044 593005
699763 165590
767817 655110
335559 -982708
-585600 -441377
298306 -284420
-873446 -295597
868795 -591030
636840 -497703
838473 818956
264673 -471701
359060 -301166
647785 -8109
-227334 -265844
-321492 879400
-117667 -551451
-256181 532850
388109 -32229
-664827 -947228
-180844 -526365
-468327 -114847
829379 606490
31823 -656057
-354602 609280
240369 -934119
-479673 -598518
666460 -849555
998264 210744
-766056 928
517805 -224075
-117557 -398597
338783 -465001
676290 -150244
971761 -406296
316294 -98976
-926204 584067
683140 364838
287283 -620481
-301080 752569
667010 303841
-653507 163385
493786 -387373
359072 -519150
-217912 -406627
534586 -822636
-266174 334245
-465033 -956769
591192 930270
546370 294379
930200 -817934
-627818 -948306
-707014 -660655
992084 -63741
-281658 -698378
-136838 618745
-488176 -518626
333917 -786036
-570569 719057
107616 -273845
175927 195439
-932333 378387
59117 138929
-832802 -260449
49100 639909
773645 357012
-166851 404541
822368 484943
-68342 -705201
-129601 154441
-379457 -577187
762508 -519534
730211 915841
665540 -747549
-999673 -678998
613799 872134
-177347 -179786
-881548 -265239
-885601 -6206
-7424 154057
-827854 252532
887159 78432
-472023 506149
-214405 107283
-340995 848973
282305 -865369
-151342 953174
-894388 -246887
432931 587201
648176 143276
473389 914746
-260776 -271903
-973891 901510
-465641 -987065
286089 87607
370544 937863
302223 716342
-17706 368010
-464346 -315925
952489 -775939
130245 -441743
593445 -848647
38697 479167
23476 -130521
-285398 365338
301829 -472803
345618 849299
680667 -742600
-486692 159061
52323 -373534
-28210 -227340
821194 571398
-521571 344441
-167592 132316
-29120 -262399
-782541 -251145
634712 424114
-986970 -84868
-678700 -412129
689400 -453058
-121966 664880
298332 920750
785777 -156654
-407755 452923
-964326 -275107
-145298 376592
631752 326022
252271 -642415
-262937 -977953
672924 694255
-353241 891159
898598 977001
147878 -447027
-107515 921503
836269 -234465
936100 925437
469660 -494620
748431 306910
474327 900443
785620 635082
-247804 379484
96642 -754014
882898 -159134
117103 -691311
-828157 655445
-821932 -700748
-85053 995145
900183 -13126
766281 321331
-227129 232804
950860 -329258
616654 270138
-211207 -70735
906932 126371
577591 945360
-116743 -163381
-763573 -962159
-57942 267274
-205483 652612
-905898 -692988
435870 -416204
749659 -819176
-412534 636847
10490 474514
-394803 -238444
540629 -847004
127571 -447184
684221 -918546
762830 826504
457192 -46368
-66066 990732
-268903 -773518
-227813 341449
-937175 -122895
53086 -367092
-807643 -886332
227228 -534141
796933 367064
-78918 435829
-317329 151945
918775 -567583
-478827 -183966
-595269 -269739
709047 683610
-646381 -139396
504443 -31987
-804581 140470
373077 445137
852698 523177
408637 246017
574022 -866616
-578572 972289
-430801 426960
-74233 -338289
-244118 -682843
160371 -673000
143832 -694754
34857 -498484
469558 915063
821750 -958075
632401 -620786
-476515 -807519
128464 224344
918249 -913242
92782 -648204
514365 397905
-972808 436653
577923 785390
-989011 -451116
-753166 -22229
804493 47336
-72272 -963538
700233 177443
824180 890172
-894387 -128440
975579 937634
701426 366711
613616 194807
609898 -771054
-156176 344855
508710 -160991
568929 -595914
-197209 762466
-700192 707178
-272677 249466
-509473 -79326
668229 -156021
-762569 -414935
451485 -512978
-507752 951021
400163 -971924
981144 -778779
-623784 576730
696479 -339520
823037 -616885
-824508 782042
705059 -98021
469060 -34516
478406 -476358
233671 937766
-122366 -882999
162849 -143853
-618967 54904
-730595 -142553
129279 28551
743322 122876
736697 -107197
944692 480634
-142136 347708
-972131 226060
-934013 639327
884141 -655793
73974 -291516
215614 -233751
374918 271947
106658 -72157
253351 -445518
73386 283161
-134773 124997
840187 321312
307325 -160968
531201 -205514
-360207 52615
-954655 -187744
-42713 988426
-892381 -869302
-504228 -992390
871779 238307
-767140 -181359
782172 672548
839290 503156
482528 857332
921892 -184522
869524 182215
819416 -338470
-384594 732867
507520 -293443
918735 226955
-891874 89654
704413 -978642
-336861 -596643
808962 386492
164328 -24040
-567930 245741
-317298 835079
50300 -953415
342824 -832361
482021 804169
356503 673869
-127406 824315
183091 -136871
-7160 -704244
373019 -625248
-376823 789215
-911125 -355176
130181 143206
114228 760814
9409 435932
694193 -903964
-306997 -54068
-616593 -376217
-500488 984337
611229 -431179
-609958 339881
224535 -885434
870451 -565744
-782940 880098
-161734 800010
410517 513206
-986528 -210424
-647218 -357146
156865 -962122
-295103 907094
-67643 582010
158230 -953912
-890025 260467
-19135 926661
440907 -440692
-636384 8503
-315474 -195802
984710 283296
-435321 974308
-225628 -304076
-73855 234129
-77452 209398
-974585 -819013
-917437 903427
-406851 740552
466917 -538366
279439 704134
636464 -191968
-818350 178447
-995410 -390016
453391 -709602
-560809 -721042
436393 -597986
-171321 209274
-195134 69485
-921825 182556
263505 -991027
-19051 698227
-340539 948831
-979327 928988
177903 77438
333512 700354
92390 901981
729063 -19608
167733 176677
101645 386232
969718 -835612
242532 -364253
-205062 -356410
773005 623401
352308 -126711
98561 523663
662377 -715640
198128 270465
-276815 938237
-851430 -767181
157773 -924398
432081 -624047
-43114 -261164
186567 534411
-327050 848287
-958460 628188
967840 -308058
212838 99117
-233560 -654798
-96712 -984129
-824174 -602728
-423320 -695387
978876 809848
-962024 -191970
-296147 -541402
-742794 229496
28107 -131174
-771542 894116
-267694 -133421
678861 -943898
457022 -761407
-49550 504021
-168251 470373
555823 -29565
71522 -900990
-495976 -622017
34949 -867302
-943007 -239499
498922 127467
-602924 147037
-299140 -621464
-169442 -785649
591080 -187957
-399920 99014
-536517 318722
-633190 899861
-333660 -152815
-441152 937232
446821 72658
472864 -491497
-745975 67540
736508 -395158
954573 879222
-805453 -104592
-188168 467957
-604806 604838
-530498 -468177
355242 78486
408034 -263902
912940 -980295
-129708 -543192
-493048 752799
732199 -395837
711642 -812237
573850 -880240
313680 -573737
654603 888573
-106989 633319
-357972 -774284
-740222 711857
-382504 704672
-712819 -4474
-76472 -238028
430358 -865483
491943 480362
-470803 -289278
159718 453158
638210 797216
-439412 983708
-127358 350409
-832420 -993216
321558 -307928
-845724 968930
950234 -419071
638812 721922
-563543 182318
-523680 -798918
402208 165619
-830373 511426
-170729 -29773
173805 577125
-304181 -906513
590562 -397043
266545 -798555
-749638 95795
72730 -341681
353073 -90632
544277 -389288
-616886 595109
-158751 -45403
-188263 -150572
-504295 770020
43904 346878
-765598 -41365
-949051 -527409
627589 49162
154437 902414
-823396 -409546
310964 228070
101509 551318
-297615 748789
-669434 -456983
-350808 778138
829245 566951
-343195 -208504
-217495 -425483
-329824 874673
-841510 -675624
81420 -74202
49583 -756317
-631445 -692091
-849505 777771
468205 -976432
503882 450659
-267236 -46177
299747 155044
-506400 289930
-747789 62947
-481138 952687
120828 265766
517633 -332550
-698170 259453
690085 53071
-621015 279763
743923 852227
509034 -614834
-821514 -142175
182762 -605525
598294 -447205
74811 -374376
-725744 -621415
-165814 702981
491748 627460
-919083 380246
622461 95543
805514 128732
804969 783817
-273951 701105
-993921 -108959
-912315 -584867
644582 -775882
706735 -119463
444789 -85419
-23443 635774
-892833 857735
464652 966066
-122124 -504796
-8491 139048
833264 -401152
767704 -937375
-27846 -1261
657301 -351620
-953288 -619699
-419804 -605331
-868225 481657
-611604 -292748
-534891 -340323
-18959 -949863
-328151 953649
-741808 -422833
-349098 -554858
273078 764726
630890 839447
-749144 309765
-207693 587001
867840 407230
123336 -974940
442979 -354158
-433184 58355
-166176 64487
-665616 -418112
503998 -374491
469339 -242600
500956 -781802
514162 -58628
-532802 879615
-659345 190537
411722 -472989
725661 892575
17489 -792735
-870555 270431
602361 -455226
613817 -18835
583915 -559951
216698 -664801
483320 613494
119824 193705
-757218 -930986
-58857 -352432
-704614 -126510
-661510 -967343
795602 850935
119803 988225
66575 932798
-386662 -84033
-79819 -325759
-959135 -373441
-64958 63953
-20473 -40776
11692 -511827
173484 60907
1500 178963
458051 -146297
-240210 146950
-52245 342707
585867 78092
597189 -856001
868774 -903213
474829 751425
424971 625591
914590 651116
826711 -699270
415017 -190921
572628 -506736
-741338 178829
89486 981919
635875 807212
700005 277583
31157 -383362
-607116 -733901
228434 919624
-14957 270630
330100 842088
77052 896866
-242215 -161745
589123 228101
534253 386101
-426417 522367
234196 -299231
763946 -351029
